114,114
341,114
569,114
796,114
1024,114
1252,114
1479,114
1707,114
1934,114
114,341
341,341
569,341
796,341
1024,341
1252,341
1479,341
1707,341
1934,341
114,569
341,569
569,569
796,569
1024,569
1252,569
1479,569
1707,569
1934,569
114,796
341,796
569,796
796,796
1024,796
1252,796
1479,796
1707,796
1934,796
114,1024
341,1024
569,1024
796,1024
1024,1024
1252,1024
1479,1024
1707,1024
1934,1024
114,1252
341,1252
569,1252
796,1252
1024,1252
1252,1252
1479,1252
1707,1252
1934,1252
114,1479
341,1479
569,1479
796,1479
1024,1479
1252,1479
1479,1479
1707,1479
1934,1479
114,1707
341,1707
569,1707
796,1707
1024,1707
1252,1707
1479,1707
1707,1707
1934,1707
114,1934
341,1934
569,1934
796,1934
1024,1934
1252,1934
1479,1934
1707,1934
1934,1934
